{
 "templeR0032": [
  [
   1.0,
   0.0,
   0.0,
   0.0
  ],
  [
   0.0,
   1.0,
   0.0,
   0.0
  ],
  [
   0.0,
   0.0,
   1.0,
   0.0
  ]
 ],
 "templeR0047": [
  [
   0.9999595522983912,
   -0.008229416630065808,
   -0.003629114097185536,
   0.031151734133296385
  ],
  [
   0.0077667633785406046,
   0.9935666700213425,
   -0.1129820764958869,
   0.9974950524941611
  ],
  [
   0.00453554338788272,
   0.11294932016010387,
   0.9935903984648538,
   0.0635073988615445
  ]
 ],
 "templeR0033": [
  [
   0.9998374535879799,
   0.008288905609780215,
   -0.016011259990903744,
   0.13764762182696783
  ],
  [
   -0.006729544659938461,
   0.9954448192321763,
   0.0951016566232666,
   -0.8546287051444225
  ],
  [
   0.01672661446240854,
   -0.09497844970103465,
   0.9953387938089291,
   -0.021547450675384883
  ]
 ],
 "templeR0034": [
  [
   0.9995651609137154,
   0.024211378591414895,
   -0.016831465599925745,
   0.14580109993172669
  ],
  [
   -0.02025408085366407,
   0.9785870144021316,
   0.20483463440613636,
   -1.8551279601723891
  ],
  [
   0.02143038255168455,
   -0.2044046584357252,
   0.9786518657385082,
   0.13326194093344002
  ]
 ],
 "templeR0035": [
  [
   0.9988870668669201,
   0.04310605115298072,
   -0.019144085248395788,
   0.1662527646772412
  ],
  [
   -0.03468354802742071,
   0.9463709532990344,
   0.3212149906964284,
   -2.9128556679826167
  ],
  [
   0.03196371602662675,
   -0.32019351509028654,
   0.9468127765043604,
   0.4015295510249714
  ]
 ],
 "templeR0036": [
  [
   0.9983659135999208,
   0.05685717783580439,
   -0.005723975047391444,
   0.04899283039582197
  ],
  [
   -0.04870408629410197,
   0.8990168017624254,
   0.4351973140164314,
   -3.9499397305032034
  ],
  [
   0.029890040817170442,
   -0.4342073830295928,
   0.9003169075289769,
   0.8297050901886156
  ]
 ],
 "templeR0046": [
  [
   0.9996042322787613,
   -0.020791904548753272,
   0.01894928799780594,
   -0.1695388331855724
  ],
  [
   0.025919808311144148,
   0.942521741359369,
   -0.33313800534015375,
   2.9530705581009373
  ],
  [
   -0.010933542312617717,
   0.3334973219834581,
   0.9426876438579005,
   0.4910195170506166
  ]
 ],
 "templeR0045": [
  [
   0.9988195621757276,
   -0.04845552653208654,
   -0.0033976703174323584,
   0.02649826554688217
  ],
  [
   0.041188762617932737,
   0.8819524048577163,
   -0.46953534627298765,
   4.180621059049785
  ],
  [
   0.025748165936456346,
   0.4688411431542555,
   0.8829071380596714,
   1.024268154856405
  ]
 ],
 "templeR0044": [
  [
   0.9980553698936248,
   -0.0620583011786821,
   0.0058519980618368436,
   -0.05667327191769072
  ],
  [
   0.05342894761756723,
   0.8033437122902404,
   -0.5931140088382796,
   5.293947207723871
  ],
  [
   0.032106481946470165,
   0.5922732875780838,
   0.8050972156444646,
   1.7118560836207555
  ]
 ],
 "templeR0037": [
  [
   0.9975160502345937,
   0.07036516475413974,
   0.003236219012717964,
   -0.030422518624215848
  ],
  [
   -0.060469322076454404,
   0.8318568150040928,
   0.5516862336680702,
   -5.005938682838454
  ],
  [
   0.03612742188406933,
   -0.5505115647471625,
   0.8340454582740926,
   1.4034787466259517
  ]
 ],
 "templeR0038": [
  [
   0.9963397216076433,
   0.08454274676568871,
   0.012636578497235412,
   -0.11478224704254714
  ],
  [
   -0.07212652735122077,
   0.7520974845441956,
   0.6550932283229214,
   -5.946430908004261
  ],
  [
   0.04587944200900622,
   -0.6536068372589183,
   0.7554423731095152,
   2.109812160690721
  ]
 ],
 "templeR0043": [
  [
   0.9969805387911169,
   -0.07683726460830652,
   0.0112178446810111,
   -0.10697954292463566
  ],
  [
   0.06290367709874099,
   0.7144525665093638,
   -0.6968505274559533,
   6.23097088411798
  ],
  [
   0.04552947044751927,
   0.6954520579994685,
   0.7171286511812733,
   2.5292474903844298
  ]
 ],
 "templeR0039": [
  [
   0.9951942858519977,
   0.09443413303815315,
   0.025894553961493257,
   -0.2320937560621939
  ],
  [
   -0.0819150102922735,
   0.658004779044072,
   0.7485450165781472,
   -6.796882693111905
  ],
  [
   0.05364945942271014,
   -0.7470688758558305,
   0.6625781691477289,
   2.9422462669681977
  ]
 ],
 "templeR0042": [
  [
   0.996076681427867,
   -0.08556176417307695,
   0.022592680833365388,
   -0.2093693310593022
  ],
  [
   0.070322742805917,
   0.6103279981874237,
   -0.7890211951987001,
   7.062591135823571
  ],
  [
   0.053721099764435225,
   0.7875143929733113,
   0.613950424953006,
   3.468519600750981
  ]
 ],
 "templeR0013": [
  [
   -0.9941273595385692,
   0.10686377457319725,
   -0.017056573537532364,
   0.31044143855499495
  ],
  [
   -0.07486472181748934,
   -0.565334941230432,
   0.8214570455301811,
   -7.543127903226427
  ],
  [
   0.0781413235366685,
   0.81790985928032,
   0.5700152591360904,
   3.8500977779483145
  ]
 ],
 "templeR0014": [
  [
   -0.9925703023966197,
   0.11806099826581126,
   -0.029424402946588046,
   0.42153421812100617
  ],
  [
   -0.07950539430951203,
   -0.44626890474168135,
   0.8913601723974147,
   -8.172120249903305
  ],
  [
   0.09210367569197271,
   0.8870770346193955,
   0.45233974794935616,
   4.9174747457835215
  ]
 ],
 "templeR0015": [
  [
   -0.991084234164459,
   0.1255067693495624,
   -0.044722384083179884,
   0.5607417176615054
  ],
  [
   -0.08307876951807718,
   -0.3197130989411211,
   0.9438651664410693,
   -8.643555046219523
  ],
  [
   0.10416313573433708,
   0.9391653662763022,
   0.32728955978015806,
   6.048286461005231
  ]
 ],
 "templeR0016": [
  [
   -0.9897138584095774,
   0.12885268710167128,
   -0.06215676551032825,
   0.7178835667932989
  ],
  [
   -0.08576397740811846,
   -0.1866510329712897,
   0.9786756010394302,
   -8.954755278673007
  ],
  [
   0.11450335650611679,
   0.9739396166690362,
   0.195782032963711,
   7.23969685794177
  ]
 ],
 "templeR0017": [
  [
   -0.9886348803020237,
   0.12694282744088772,
   -0.08053938174282443,
   0.8821639941753784
  ],
  [
   -0.08701687794974247,
   -0.04632667572743343,
   0.995129088142802,
   -9.098215181948627
  ],
  [
   0.1225933782962319,
   0.9908276124923839,
   0.05684633603460032,
   8.501649789927873
  ]
 ],
 "templeR0018": [
  [
   -0.9841294409559368,
   0.14509934418116108,
   -0.10215392191175188,
   1.0824873401561368
  ],
  [
   -0.08489036469511191,
   0.12056677193280729,
   0.9890688952179388,
   -9.02551733635657
  ],
  [
   0.15582961665128436,
   0.9820437026038608,
   -0.10633577361553459,
   9.96618399907426
  ]
 ],
 "templeR0019": [
  [
   -0.9800259322271332,
   0.15320274745641976,
   -0.12679940983357493,
   1.311660843714522
  ],
  [
   -0.07949825845426736,
   0.2826362375480501,
   0.95592718557818,
   -8.70848530139233
  ],
  [
   0.18228877931753493,
   0.9469137634423138,
   -0.26481149057100306,
   11.387504749528919
  ]
 ],
 "templeR0020": [
  [
   -0.9793448507511223,
   0.14218977651678597,
   -0.1437558025311272,
   1.4632251185344407
  ],
  [
   -0.0741349839876474,
   0.4089475778430197,
   0.9095415783379444,
   -8.287023063848654
  ],
  [
   0.18811610100258094,
   0.9014121954080909,
   -0.38995946778242585,
   12.531886509588302
  ]
 ],
 "templeR0021": [
  [
   -0.9776859649366744,
   0.133187864173444,
   -0.1624535219770885,
   1.6320771492495614
  ],
  [
   -0.0671952748820007,
   0.5344203071329339,
   0.842543607392207,
   -7.676120349693546
  ],
  [
   0.19903504465137922,
   0.8346591688592759,
   -0.513545638516935,
   13.640008798524734
  ]
 ],
 "templeR0022": [
  [
   -0.9766395973353389,
   0.11975146485045414,
   -0.17842276643645427,
   1.7745500286579832
  ],
  [
   -0.06152547132992049,
   0.6397255205921148,
   0.7661369816689304,
   -6.984889683857768
  ],
  [
   0.20588762297500596,
   0.7592172580818474,
   -0.6174135095188503,
   14.580983411207882
  ]
 ],
 "templeR0023": [
  [
   -0.976042921090091,
   0.10377794331875563,
   -0.19123376969157746,
   1.8892507490316852
  ],
  [
   -0.05430450826394527,
   0.7349117557922115,
   0.6759850083993137,
   -6.169680604684999
  ],
  [
   0.21069227933679308,
   0.6701752380377377,
   -0.711669806686309,
   15.432779479149898
  ]
 ],
 "templeR0024": [
  [
   -0.9751731189906482,
   0.0881700762158418,
   -0.20313400911256535,
   1.9947963823994768
  ],
  [
   -0.04584608712477484,
   0.8170559670896145,
   0.5747327056455047,
   -5.253872413480768
  ],
  [
   0.21664608072475877,
   0.5697767846300403,
   -0.7927287628207103,
   16.161254776136705
  ]
 ],
 "templeR0025": [
  [
   -0.9750223270719729,
   0.0698046776707214,
   -0.21085248086385266,
   2.0641436696099897
  ],
  [
   -0.03754805686179507,
   0.8838611405845417,
   0.46623988202479644,
   -4.274456256593704
  ],
  [
   0.21891003891338118,
   0.4625113956865056,
   -0.8591633160948287,
   16.76815862414078
  ]
 ],
 "templeR0026": [
  [
   -0.9732920284776521,
   0.05454101013675027,
   -0.22299754598452456,
   2.1744186518325903
  ],
  [
   -0.028329590403985604,
   0.9354091194584256,
   0.35243043787612277,
   -3.2481767854341466
  ],
  [
   0.22781585021547482,
   0.3493351649165542,
   -0.9088811148567915,
   17.21212951442193
  ]
 ],
 "templeR0027": [
  [
   -0.9730061501090395,
   0.036226161023606304,
   -0.2279181807304481,
   2.2175970970444348
  ],
  [
   -0.018755535185322626,
   0.9719230212915092,
   0.2345503583103142,
   -2.186205367056984
  ],
  [
   0.2300157858710953,
   0.2324936686042792,
   -0.9450076361114899,
   17.528829377064543
  ]
 ],
 "templeR0028": [
  [
   -0.9736949528478868,
   0.01793699354650427,
   -0.22714841637366587,
   2.211748212480695
  ],
  [
   -0.00953332801556104,
   0.9928167694462574,
   0.11926431974083795,
   -1.1490385692986065
  ],
  [
   0.22765600026245594,
   0.1182925465479959,
   -0.966529678269473,
   17.70151253888234
  ]
 ],
 "templeR0029": [
  [
   -0.9746124123293187,
   0.0037509701589340944,
   -0.2238673177498062,
   2.1807214631676937
  ],
  [
   0.002938987341548807,
   0.9999878396584331,
   0.003960162707154717,
   -0.1151320023958846
  ],
  [
   0.22387944989889566,
   0.0032016805161834997,
   -0.9746115847633046,
   17.76811519175984
  ]
 ],
 "templeR0001": [
  [
   -0.9743497995703693,
   -0.010392626121771009,
   -0.2247987130734389,
   2.1875357872992836
  ],
  [
   0.014234281967667926,
   0.9940865838735697,
   -0.10765337421298309,
   0.8853725721400078
  ],
  [
   0.22458818600729236,
   -0.10809189185535024,
   -0.9684401321822041,
   17.696991934839026
  ]
 ],
 "templeR0030": [
  [
   -0.9745105498940176,
   -0.01048821689350925,
   -0.22409637536482832,
   2.1816924490635405
  ],
  [
   0.014541237781412659,
   0.9938529705105855,
   -0.10974891986288521,
   0.9035850600065028
  ],
  [
   0.2238699188123401,
   -0.11021011892598742,
   -0.9683676931503219,
   17.717403625095653
  ]
 ],
 "templeR0031": [
  [
   -0.9732781991036529,
   -0.02415841369070163,
   -0.22835480769517275,
   2.219025690563514
  ],
  [
   0.0046987086465395,
   0.9921469961347389,
   -0.124989040311018,
   1.0317754117269293
  ],
  [
   0.22958107345032897,
   -0.12272208077099762,
   -0.9655215282968224,
   17.597293267746938
  ]
 ],
 "templeR0002": [
  [
   -0.973811392475375,
   -0.03234447968762525,
   -0.22504489889554938,
   2.1891024982550973
  ],
  [
   -0.0011625961876564617,
   0.9905244032172791,
   -0.13733191544996767,
   1.1394126459214036
  ],
  [
   0.22735439352534118,
   -0.13347374747413596,
   -0.9646215519466351,
   17.606067471284355
  ]
 ],
 "templeR0003": [
  [
   -0.973114903100283,
   -0.0566782330073755,
   -0.2232374593729472,
   2.1739945197920547
  ],
  [
   -0.019302864116092236,
   0.9859079873160673,
   -0.1661711165735432,
   1.3890537648302304
  ],
  [
   0.22950987952818563,
   -0.15739446765863166,
   -0.960495807772951,
   17.549540237520922
  ]
 ],
 "templeR0004": [
  [
   -0.9714296014931275,
   -0.08085935393996505,
   -0.22312842540410469,
   2.177159257654816
  ],
  [
   -0.03805155260980986,
   0.9810723862882854,
   -0.18986587952181583,
   1.5875209163104242
  ],
  [
   0.23425756911332987,
   -0.17595095266301136,
   -0.9561195812083823,
   17.544269249586478
  ]
 ],
 "templeR0005": [
  [
   -0.9699379981534665,
   -0.09824735559326125,
   -0.2226381298362375,
   2.176226357766923
  ],
  [
   -0.051714691823400306,
   0.9771998565484618,
   -0.20592724688898276,
   1.7165845461819027
  ],
  [
   0.23779375598963234,
   -0.1882229993401354,
   -0.9529041043734394,
   17.56531003193445
  ]
 ],
 "templeR0012": [
  [
   -0.9916672959504275,
   -0.12409671365569284,
   -0.034582940913466004,
   0.4592866438292746
  ],
  [
   0.09084890768164026,
   -0.48333438748200996,
   -0.8707091051840694,
   7.725717793918778
  ],
  [
   0.09133701393969537,
   -0.8665955663037095,
   0.49058095595664175,
   4.472378998986007
  ]
 ],
 "templeR0011": [
  [
   -0.9900425246100838,
   -0.13197848549404945,
   -0.04896405651484091,
   0.5887303473106027
  ],
  [
   0.09452394091808375,
   -0.36553457968201386,
   -0.9259857966783337,
   8.23562466472622
  ],
  [
   0.10431214721692851,
   -0.9213935914816157,
   0.37436990466596465,
   5.503381552447051
  ]
 ],
 "templeR0010": [
  [
   -0.9877212258506941,
   -0.14200488185187238,
   -0.06512598202129391,
   0.7373039691009087
  ],
  [
   0.09811113918256723,
   -0.2394155827175597,
   -0.9659474018394119,
   8.606924064414061
  ],
  [
   0.12157707173764737,
   -0.9604763361386095,
   0.2504081135775198,
   6.618975347890272
  ]
 ],
 "templeR0009": [
  [
   -0.9859877851982994,
   -0.1445260837896092,
   -0.08330845421798996,
   0.900677754946263
  ],
  [
   0.09921615108143425,
   -0.10659328830502135,
   -0.9893401974310496,
   8.827049408705545
  ],
  [
   0.13410534219164458,
   -0.9837428942527418,
   0.11943900201734925,
   7.797018900044197
  ]
 ],
 "templeR0008": [
  [
   -0.984075976247628,
   -0.14421261217097375,
   -0.10390955424359297,
   1.0863890421677334
  ],
  [
   0.10060100893610466,
   0.030067747444229354,
   -0.9944724066381471,
   8.879179746106175
  ],
  [
   0.1465397897272808,
   -0.989089810408769,
   -0.0150810136340358,
   9.002039808917324
  ]
 ],
 "templeR0007": [
  [
   -0.9815849489664936,
   -0.14465720890563474,
   -0.12476089080347987,
   1.2749550246182908
  ],
  [
   0.10015800294763025,
   0.16640420985398652,
   -0.9809577021403181,
   8.76272714826031
  ],
  [
   0.16266334070093594,
   -0.9753891176625368,
   -0.14885129068136838,
   10.208774645126573
  ]
 ],
 "templeR0006": [
  [
   -0.9820058250599835,
   -0.13012967815474685,
   -0.1368606094228842,
   1.3799054977786172
  ],
  [
   0.09328100386131355,
   0.2958950192419817,
   -0.9506549278820429,
   8.495804987147007
  ],
  [
   0.16420479246016806,
   -0.9463151718381824,
   -0.2784320054914381,
   11.333448888193608
  ]
 ],
 "templeR0040": [
  [
   0.983524224649857,
   0.11594474302503135,
   0.13869721010805267,
   -1.2528001547649639
  ],
  [
   -0.09024207695479339,
   -0.34990686822555495,
   0.9324277725998241,
   -8.519072652041324
  ],
  [
   0.15664120490401948,
   -0.9295816263962212,
   -0.33367878684862995,
   11.86884877152139
  ]
 ],
 "templeR0041": [
  [
   0.9843607699206862,
   0.10118551933689174,
   0.14420598225343315,
   -1.3003862182583528
  ],
  [
   -0.07912338864904528,
   -0.47742832614008285,
   0.8751009557575461,
   -8.005860719404259
  ],
  [
   0.15739556540718072,
   -0.8728251165471822,
   -0.46195557352904804,
   13.021120461524955
  ]
 ]
}